Noux 1111111511111111111. 101111111111111111110111111 275

Romanum, 3, 10, 28, 81, 85, der ΙΙΙ), 00, 04, 107, 116, 122,
’ 87,100, 103,1Οο, 115, 120, 130, 138,Ι 143, 256.

147, 148, 160, ‘200, 203,208,' Rufinuu 5, 01, 05, 06, 07, 08, 00,
J 257, 201, 270. 1 100,.101,106,107,108,116,117, ’
’ -· 1 1166111111511111,5,16,17,18,5111 110,120,122,123,124,125,126, ’

” ’· 51525155515175, 77, 551 111115, 151151155155138,
87, 88, 101121. 1111111115,111117151151155,

’ . 11211112111113,152,171,173,201,205,1 181, 108, 235,240, 257, 258, 261.

’ 234, ’ Sicanios Cremonensis, 5, 02, 08,

. Laurentius u-uspuuus, 154, 155, 15,1111,1ο1,1111·,1117,1113,115,

182, 106, 100, 200, 221, 222, 231. 117,118,120,121,127,128,120,’

111101, 4, 15, 17, 20, 21, 38, 38, 125, ’ 135136,138,130,141,143,201.
’ “ 1135, 106, Simon dc Bisiuiauu, 7, 120, 131,

’ Loo IX, 50, 02. 138,140,142,144,140. ·

> Lucius ΙΙΙ, 111, 133, 134, 153, 175, siricius, 14, 38, 30.

’ 176, 221, 223, 204. stephanus Turuuuuusus, 01, 00, 07.
1151111111, 146, 184. . 107, 110,117,121,143.
Martinus Ι, 4, 15, 21, 24. Summa anonyma, 03, 08, 102, 143,
Martinus ΙΙ, 204. ’ 144.

’ Meluhiadus,38. Summa Coloniensis, 02, 00, 102,
. ’ Nicolaus I, 41. 103105, 107, 108, 100, 114, 115,
. ζ 111151111111121466. 117,118,12o,122,127,135,136,
³ Omnibonus, 01, 256. 138, 141, 142.

Origenes 2, Summa Lipsiensis, 02, 102, 103,
Pasuhuus ΙΙ, 51, 57, 63, 64, 67. 1041011110,114,117,118,120,

Paucapalca,00,04,107,110,122, 121,135,130,137,138,141.

138, 143. 3111111151151151511111,0208101162,

ι Pelagius Ι, 15, 27. 105, 107, 108, 100, 112, 120, 132,

151111115155155151151, 05, 155, 132, 155, 115,·

’· 'u 1113, 1111113117, 113, 138, 141, Suuuu Pauuuuu. 02, 55, uu,

144, 150, 240, 245. 121, 127, 128, 132133, 142, 143.
Petrus dc Ancharauo, 206. Symmachus, 21, 24.

v Pe1rus de Sampsone‚ 150, 186, 200, Tancredus, 5, 08, 152⁷ 155, 171,

205, 200, 200, 220, 246, 251. 175, 176, 177, 170, 188, 211, 214,

’ , Petrus Hispanus, 138, 141, 154, 215, 210, 220, 221, 222, 223, 230,

200, 240, 245, 247. 247, 251.

‘ μ Petrus munburdum, 212, 250. Tertullianus 13.
, 13511511151151151111,1151, 52, 57, 50. Thomas (5.), 1, 161, 180, 220, 224,
v ⁴ ’ Philippus,185‚250. 225, 254, 200, 201, 202, 203, 204,
, Placidus de'Nonan'tula, 50. 205, 200, 207, 208, 200, 272.
v . 011111111111111Ρ111112101118.),158, Ulpianus, 81, 245,

· 164, 165, 166, 167, 100, 170, Urbanus H, 4, 44, 46, 62, 64, 65,
181, 182, 183, 184, 101, 201, 202, 67,

ᾗ ’ · . 213, 211220232. 233. Vincentius Hispanus, 154, 155, 171,
Rhetorica ecclesiasticum, 105, 2111200211,214216218221,

2 2 .
3110411111 015115166111111115, 131, 156, 1οΞ116111111611550111111111111, 255, 256,
211, 212, 220. Zosimus, 38, 30,

22 Rolandus Bandinellus (5111111511-

 

