274 Δ 11111911 11191391111191111. 199111119111199111119111111 ,

Gelasius Ι, 4, 14, 20, 24, 27, 40. 1Η11393 S. Victore, 105,122,, 212
,6199991 anonyma, 33, 101, 109. 213, 217, 254, 255, 256, 257.

6199999101119119, 1, 5, 73, 74, 84, Huguecio, 7, 5, 80, 03, 00, 100, >- ²5

80, 03, 199,111,119,119,953,959.1 199191, 199, 191199, 119, 111, -
Goffredus de Trano, 158, 155, 155,
197, 199, 171, 179, 179, 1991 191139,1,31,’133,131,135,139,

119,113,111,115,117,119,191, -

199199193991,9959119391 133139,113,111,115,119,117, -

, 232, 245, 250. 1 153,160,164,181,184,187,108,
6911190119 71111199111911919, 51, 52, 100, 211, 220230, 234.
56, 66, 68. 139911119133111111111 200.
Gratianus, 44, 49,v 52, 53, 54, 7311999599 (1914159935, 155, 150, 155, .
74, 75, 75, 77, 78, 70, 80, 81,1 173,101,102,104.

82, 83, 84, 85, 85, 87, 88, 08, 04, 1 Innocentius Ι, 14, 17, 21, 30, 38, 30. ¹ , ’ ’Υ

· 05, 95, 97, 101, 103, 110, 1161111119991111113, ΙΙ, 64, 58.

191199193195,199,197,131111191911119111, 99, 159, 153, 195, Δ j
1311191111,1131191511 199175,179,179,199,199,193,
151,157,199,197,1391911911 999,913,919,917,919,939,919,

201, 209, 213, 225, 263, 254. 1 245, 247, 250267.
Gregorius VII, 4, 44, 52, 54, 65,1111119991111119 IV, 5, 155, 154, 155,

88, 155171. 1 199,199,’171,179,173,199, ⁴
Gregorius 1111, cf. Albenus. 1 131199199199,193191195, , ,
Gregorius 18, 152, 155, 156, 157,< 197, 991, 999, 999, 919, 919, 238,

102,170,213,246. · 1 248, 240, 263.
Gregorius Magnus, 15, 1 Ioannes VIII, 4, 15, 20, 21, 27, 55,
6911911999,411199191191911919257258,1 64, 65, 104,
250, 261. Ioannes X, 54.
Gunelmus de Nasone, 245. 19 annes XXII, 152.
Guliehnus nuranns, 157, 164166. Ioannes Andreae, 5, 150, 157, 199,

167, 170, 171, 174, 181, 182, 161,162,165,171,173,174,185, ,, ’ f

183, 184, 188, 180, 193, 209, 188106,101,102,104,107, 200,
1 224, 227, 228, 230, 233, 234253. 202, 2117, 200, 2211, 224, 226,

Gunelmus Rhedonensis, 158, 167, 228, 233, 230, 251, 252, 253200. J ἡ ” ,,
170, 218, 223, ’ Ioannes de Deo, 5, 150, 164, 165,

Hieronymus (8.), 13. 166,168,172,188,103,107,108, ζ 2:

Hilarius (8.), 14· 204, 223, 227, 228, 233, 240253. 1

Hildebertus Caenomanensis, 5, 51,1 Ioannes Faventinus, 7, 81, 91, 95,

50, 57, 59. 99, 197, 113, 119, 117, 119, 199, .- ¹ “’

Η111911131119 Rhemensis, 4, 43, 44, 135, 136, 133190,
54, 57, 65, 75. Ioannes Galensis, 154, 240.

Honorius 1111522311. Ioannes Hispanus (Summa Lip- ’
Honnisda, 15. 91911919), 02, 08, 00, 107, 100, 114, , · , ,. , ·

Η99119119191Η911119119 (1989111919), 5, 128, 199, 130, 132, 142,

125 155, 153» 150, 1641 155, IoannesHispanus dePetesella, 158, ν -ζ- ’

166,168,160,173,170,181,185, 217, 222, 231, 246, 247.

199, 188, 199, 199, 151, 139, 19111911191119119,157199951999.
-194, 195, 197, 198, 201), 201, 202, Ioannes Teutonicus, 80, 08, 100, j· ’.
203, 207, 903, 919, 919, 213, 111,115,119,147,155,176,177, ² .

214, 216, 218, 222, 226, 228, 229, 182, 195, 215, 215, 221, 250. ’
232, 236, 240, 250, 251, 252, Isidorus Hispalensis, 14, 81, 82
’ 257, 260, ·88,122,148,261.

 

